60000 70 1 3 2000 300 110
60001 110 3 4 2000 300 160
60002 160 6 10 2000 300 230
60003 230 12 18 2500 300 1000000
60004 230 16 24 1500 300 1000000
70000 100 9 17 1500 350 180
70001 180 23 43 1500 380 240
70002 240 40 74 1500 400 300
70003 300 76 140 2000 400 1000000
70004 300 42 78 1500 410 1000000
80000 70 4 6 800 350 110
80001 110 7 11 600 390 160
80002 160 10 16 500 410 230
80003 230 13 19 400 410 1000000
80004 230 35 65 1500 420 1000000
90000 125 8 15 3000 300 220
90001 220 20 40 3000 320 320
90002 320 30 60 3000 350 400
90003 400 50 100 3500 350 1000000
90004 400 60 110 2200 370 1000000